#
# gridID 1
#
gridtype  = lonlat
gridsize  = 15400
xsize     = 175
ysize     = 88
xname     = lon
xlongname = longitude
xunits    = degrees_east
yname     = lat
ylongname = latitude
yunits    = degrees_north
xfirst    = 78.75
xinc      = 1.40625
xbounds   = 78.046875 79.453125 
            79.453125 80.859375 
            80.859375 82.265625 
            82.265625 83.671875 
            83.671875 85.078125 
            85.078125 86.484375 
            86.484375 87.890625 
            87.890625 89.296875 
            89.296875 90.703125 
            90.703125 92.109375 
            92.109375 93.515625 
            93.515625 94.921875 
            94.921875 96.328125 
            96.328125 97.734375 
            97.734375 99.140625 
            99.140625 100.546875 
            100.546875 101.953125 
            101.953125 103.359375 
            103.359375 104.765625 
            104.765625 106.171875 
            106.171875 107.578125 
            107.578125 108.984375 
            108.984375 110.390625 
            110.390625 111.796875 
            111.796875 113.203125 
            113.203125 114.609375 
            114.609375 116.015625 
            116.015625 117.421875 
            117.421875 118.828125 
            118.828125 120.234375 
            120.234375 121.640625 
            121.640625 123.046875 
            123.046875 124.453125 
            124.453125 125.859375 
            125.859375 127.265625 
            127.265625 128.671875 
            128.671875 130.078125 
            130.078125 131.484375 
            131.484375 132.890625 
            132.890625 134.296875 
            134.296875 135.703125 
            135.703125 137.109375 
            137.109375 138.515625 
            138.515625 139.921875 
            139.921875 141.328125 
            141.328125 142.734375 
            142.734375 144.140625 
            144.140625 145.546875 
            145.546875 146.953125 
            146.953125 148.359375 
            148.359375 149.765625 
            149.765625 151.171875 
            151.171875 152.578125 
            152.578125 153.984375 
            153.984375 155.390625 
            155.390625 156.796875 
            156.796875 158.203125 
            158.203125 159.609375 
            159.609375 161.015625 
            161.015625 162.421875 
            162.421875 163.828125 
            163.828125 165.234375 
            165.234375 166.640625 
            166.640625 168.046875 
            168.046875 169.453125 
            169.453125 170.859375 
            170.859375 172.265625 
            172.265625 173.671875 
            173.671875 175.078125 
            175.078125 176.484375 
            176.484375 177.890625 
            177.890625 179.296875 
            179.296875 180.703125 
            180.703125 182.109375 
            182.109375 183.515625 
            183.515625 184.921875 
            184.921875 186.328125 
            186.328125 187.734375 
            187.734375 189.140625 
            189.140625 190.546875 
            190.546875 191.953125 
            191.953125 193.359375 
            193.359375 194.765625 
            194.765625 196.171875 
            196.171875 197.578125 
            197.578125 198.984375 
            198.984375 200.390625 
            200.390625 201.796875 
            201.796875 203.203125 
            203.203125 204.609375 
            204.609375 206.015625 
            206.015625 207.421875 
            207.421875 208.828125 
            208.828125 210.234375 
            210.234375 211.640625 
            211.640625 213.046875 
            213.046875 214.453125 
            214.453125 215.859375 
            215.859375 217.265625 
            217.265625 218.671875 
            218.671875 220.078125 
            220.078125 221.484375 
            221.484375 222.890625 
            222.890625 224.296875 
            224.296875 225.703125 
            225.703125 227.109375 
            227.109375 228.515625 
            228.515625 229.921875 
            229.921875 231.328125 
            231.328125 232.734375 
            232.734375 234.140625 
            234.140625 235.546875 
            235.546875 236.953125 
            236.953125 238.359375 
            238.359375 239.765625 
            239.765625 241.171875 
            241.171875 242.578125 
            242.578125 243.984375 
            243.984375 245.390625 
            245.390625 246.796875 
            246.796875 248.203125 
            248.203125 249.609375 
            249.609375 251.015625 
            251.015625 252.421875 
            252.421875 253.828125 
            253.828125 255.234375 
            255.234375 256.640625 
            256.640625 258.046875 
            258.046875 259.453125 
            259.453125 260.859375 
            260.859375 262.265625 
            262.265625 263.671875 
            263.671875 265.078125 
            265.078125 266.484375 
            266.484375 267.890625 
            267.890625 269.296875 
            269.296875 270.703125 
            270.703125 272.109375 
            272.109375 273.515625 
            273.515625 274.921875 
            274.921875 276.328125 
            276.328125 277.734375 
            277.734375 279.140625 
            279.140625 280.546875 
            280.546875 281.953125 
            281.953125 283.359375 
            283.359375 284.765625 
            284.765625 286.171875 
            286.171875 287.578125 
            287.578125 288.984375 
            288.984375 290.390625 
            290.390625 291.796875 
            291.796875 293.203125 
            293.203125 294.609375 
            294.609375 296.015625 
            296.015625 297.421875 
            297.421875 298.828125 
            298.828125 300.234375 
            300.234375 301.640625 
            301.640625 303.046875 
            303.046875 304.453125 
            304.453125 305.859375 
            305.859375 307.265625 
            307.265625 308.671875 
            308.671875 310.078125 
            310.078125 311.484375 
            311.484375 312.890625 
            312.890625 314.296875 
            314.296875 315.703125 
            315.703125 317.109375 
            317.109375 318.515625 
            318.515625 319.921875 
            319.921875 321.328125 
            321.328125 322.734375 
            322.734375 324.140625 
yfirst    = -60.9330711364746
yinc      = 1.40076025601091
ybounds   = -61.6334362030029 -60.2327041625977 
            -60.2327041625977 -58.8319683074951 
            -58.8319683074951 -57.4312286376953 
            -57.4312286376953 -56.0304851531982 
            -56.0304851531982 -54.6297397613525 
            -54.6297397613525 -53.2289924621582 
            -53.2289924621582 -51.8282413482666 
            -51.8282413482666 -50.427490234375 
            -50.427490234375 -49.0267391204834 
            -49.0267391204834 -47.6259841918945 
            -47.6259841918945 -46.225227355957 
            -46.225227355957 -44.8244705200195 
            -44.8244705200195 -43.423713684082 
            -43.423713684082 -42.0229549407959 
            -42.0229549407959 -40.6221961975098 
            -40.6221961975098 -39.2214374542236 
            -39.2214374542236 -37.8206748962402 
            -37.8206748962402 -36.4199123382568 
            -36.4199123382568 -35.0191516876221 
            -35.0191516876221 -33.6183891296387 
            -33.6183891296387 -32.217625617981 
            -32.217625617981 -30.8168621063232 
            -30.8168621063232 -29.4160976409912 
            -29.4160976409912 -28.0153331756592 
            -28.0153331756592 -26.6145687103271 
            -26.6145687103271 -25.2138032913208 
            -25.2138032913208 -23.8130378723145 
            -23.8130378723145 -22.4122724533081 
            -22.4122724533081 -21.0115060806274 
            -21.0115060806274 -19.6107397079468 
            -19.6107397079468 -18.2099733352661 
            -18.2099733352661 -16.8092069625854 
            -16.8092069625854 -15.4084405899048 
            -15.4084405899048 -14.007673740387 
            -14.007673740387 -12.6069068908691 
            -12.6069068908691 -11.2061400413513 
            -11.2061400413513 -9.80537271499634 
            -9.80537271499634 -8.40460515022278 
            -8.40460515022278 -7.00383758544922 
            -7.00383758544922 -5.60307025909424 
            -5.60307025909424 -4.20230281352997 
            -4.20230281352997 -2.80153524875641 
            -2.80153524875641 -1.4007676243782 
            -1.4007676243782 0 
            0 1.4007676243782 
            1.4007676243782 2.80153524875641 
            2.80153524875641 4.20230281352997 
            4.20230281352997 5.60307025909424 
            5.60307025909424 7.00383758544922 
            7.00383758544922 8.40460515022278 
            8.40460515022278 9.80537271499634 
            9.80537271499634 11.2061400413513 
            11.2061400413513 12.6069068908691 
            12.6069068908691 14.007673740387 
            14.007673740387 15.4084405899048 
            15.4084405899048 16.8092069625854 
            16.8092069625854 18.2099733352661 
            18.2099733352661 19.6107397079468 
            19.6107397079468 21.0115060806274 
            21.0115060806274 22.4122724533081 
            22.4122724533081 23.8130378723145 
            23.8130378723145 25.2138032913208 
            25.2138032913208 26.6145687103271 
            26.6145687103271 28.0153331756592 
            28.0153331756592 29.4160976409912 
            29.4160976409912 30.8168621063232 
            30.8168621063232 32.217625617981 
            32.217625617981 33.6183891296387 
            33.6183891296387 35.0191516876221 
            35.0191516876221 36.4199123382568 
            36.4199123382568 37.8206748962402 
            37.8206748962402 39.2214374542236 
            39.2214374542236 40.6221961975098 
            40.6221961975098 42.0229549407959 
            42.0229549407959 43.423713684082 
            43.423713684082 44.8244705200195 
            44.8244705200195 46.225227355957 
            46.225227355957 47.6259841918945 
            47.6259841918945 49.0267391204834 
            49.0267391204834 50.427490234375 
            50.427490234375 51.8282413482666 
            51.8282413482666 53.2289924621582 
            53.2289924621582 54.6297397613525 
            54.6297397613525 56.0304851531982 
            56.0304851531982 57.4312286376953 
            57.4312286376953 58.8319683074951 
            58.8319683074951 60.2327041625977 
            60.2327041625977 61.6334362030029 
scanningMode = 64
