#
# gridID 1
#
gridtype  = lonlat
gridsize  = 8908
xsize     = 131
ysize     = 68
xname     = lon
xlongname = longitude
xunits    = degrees_east
yname     = lat
ylongname = latitude
yunits    = degrees_north
xfirst    = 78.75
xinc      = 1.875
xbounds   = 77.8125 79.6875 
            79.6875 81.5625 
            81.5625 83.4375 
            83.4375 85.3125 
            85.3125 87.1875 
            87.1875 89.0625 
            89.0625 90.9375 
            90.9375 92.8125 
            92.8125 94.6875 
            94.6875 96.5625 
            96.5625 98.4375 
            98.4375 100.3125 
            100.3125 102.1875 
            102.1875 104.0625 
            104.0625 105.9375 
            105.9375 107.8125 
            107.8125 109.6875 
            109.6875 111.5625 
            111.5625 113.4375 
            113.4375 115.3125 
            115.3125 117.1875 
            117.1875 119.0625 
            119.0625 120.9375 
            120.9375 122.8125 
            122.8125 124.6875 
            124.6875 126.5625 
            126.5625 128.4375 
            128.4375 130.3125 
            130.3125 132.1875 
            132.1875 134.0625 
            134.0625 135.9375 
            135.9375 137.8125 
            137.8125 139.6875 
            139.6875 141.5625 
            141.5625 143.4375 
            143.4375 145.3125 
            145.3125 147.1875 
            147.1875 149.0625 
            149.0625 150.9375 
            150.9375 152.8125 
            152.8125 154.6875 
            154.6875 156.5625 
            156.5625 158.4375 
            158.4375 160.3125 
            160.3125 162.1875 
            162.1875 164.0625 
            164.0625 165.9375 
            165.9375 167.8125 
            167.8125 169.6875 
            169.6875 171.5625 
            171.5625 173.4375 
            173.4375 175.3125 
            175.3125 177.1875 
            177.1875 179.0625 
            179.0625 180.9375 
            180.9375 182.8125 
            182.8125 184.6875 
            184.6875 186.5625 
            186.5625 188.4375 
            188.4375 190.3125 
            190.3125 192.1875 
            192.1875 194.0625 
            194.0625 195.9375 
            195.9375 197.8125 
            197.8125 199.6875 
            199.6875 201.5625 
            201.5625 203.4375 
            203.4375 205.3125 
            205.3125 207.1875 
            207.1875 209.0625 
            209.0625 210.9375 
            210.9375 212.8125 
            212.8125 214.6875 
            214.6875 216.5625 
            216.5625 218.4375 
            218.4375 220.3125 
            220.3125 222.1875 
            222.1875 224.0625 
            224.0625 225.9375 
            225.9375 227.8125 
            227.8125 229.6875 
            229.6875 231.5625 
            231.5625 233.4375 
            233.4375 235.3125 
            235.3125 237.1875 
            237.1875 239.0625 
            239.0625 240.9375 
            240.9375 242.8125 
            242.8125 244.6875 
            244.6875 246.5625 
            246.5625 248.4375 
            248.4375 250.3125 
            250.3125 252.1875 
            252.1875 254.0625 
            254.0625 255.9375 
            255.9375 257.8125 
            257.8125 259.6875 
            259.6875 261.5625 
            261.5625 263.4375 
            263.4375 265.3125 
            265.3125 267.1875 
            267.1875 269.0625 
            269.0625 270.9375 
            270.9375 272.8125 
            272.8125 274.6875 
            274.6875 276.5625 
            276.5625 278.4375 
            278.4375 280.3125 
            280.3125 282.1875 
            282.1875 284.0625 
            284.0625 285.9375 
            285.9375 287.8125 
            287.8125 289.6875 
            289.6875 291.5625 
            291.5625 293.4375 
            293.4375 295.3125 
            295.3125 297.1875 
            297.1875 299.0625 
            299.0625 300.9375 
            300.9375 302.8125 
            302.8125 304.6875 
            304.6875 306.5625 
            306.5625 308.4375 
            308.4375 310.3125 
            310.3125 312.1875 
            312.1875 314.0625 
            314.0625 315.9375 
            315.9375 317.8125 
            317.8125 319.6875 
            319.6875 321.5625 
            321.5625 323.4375 
yfirst    = -62.4855690002441
yinc      = 1.86524086567893
ybounds   = -63.4181499481201 -61.5529823303223 
            -61.5529823303223 -59.6878032684326 
            -59.6878032684326 -57.8226108551025 
            -57.8226108551025 -55.9574089050293 
            -55.9574089050293 -54.0922012329102 
            -54.0922012329102 -52.2269859313965 
            -52.2269859313965 -50.3617649078369 
            -50.3617649078369 -48.4965400695801 
            -48.4965400695801 -46.6313095092773 
            -46.6313095092773 -44.7660751342773 
            -44.7660751342773 -42.9008388519287 
            -42.9008388519287 -41.0355987548828 
            -41.0355987548828 -39.1703567504883 
            -39.1703567504883 -37.3051128387451 
            -37.3051128387451 -35.4398670196533 
            -35.4398670196533 -33.5746192932129 
            -33.5746192932129 -31.7093696594238 
            -31.7093696594238 -29.8441190719604 
            -29.8441190719604 -27.9788665771484 
            -27.9788665771484 -26.1136131286621 
            -26.1136131286621 -24.2483587265015 
            -24.2483587265015 -22.3831033706665 
            -22.3831033706665 -20.5178470611572 
            -20.5178470611572 -18.6525897979736 
            -18.6525897979736 -16.78733253479 
            -16.78733253479 -14.9220747947693 
            -14.9220747947693 -13.0568165779114 
            -13.0568165779114 -11.1915578842163 
            -11.1915578842163 -9.32629871368408 
            -9.32629871368408 -7.46103930473328 
            -7.46103930473328 -5.59577965736389 
            -5.59577965736389 -3.73051989078522 
            -3.73051989078522 -1.86525994539261 
            -1.86525994539261 0 
            0 1.86525994539261 
            1.86525994539261 3.73051989078522 
            3.73051989078522 5.59577965736389 
            5.59577965736389 7.46103930473328 
            7.46103930473328 9.32629871368408 
            9.32629871368408 11.1915578842163 
            11.1915578842163 13.0568165779114 
            13.0568165779114 14.9220747947693 
            14.9220747947693 16.78733253479 
            16.78733253479 18.6525897979736 
            18.6525897979736 20.5178470611572 
            20.5178470611572 22.3831033706665 
            22.3831033706665 24.2483587265015 
            24.2483587265015 26.1136131286621 
            26.1136131286621 27.9788665771484 
            27.9788665771484 29.8441190719604 
            29.8441190719604 31.7093696594238 
            31.7093696594238 33.5746192932129 
            33.5746192932129 35.4398670196533 
            35.4398670196533 37.3051128387451 
            37.3051128387451 39.1703567504883 
            39.1703567504883 41.0355987548828 
            41.0355987548828 42.9008388519287 
            42.9008388519287 44.7660751342773 
            44.7660751342773 46.6313095092773 
            46.6313095092773 48.4965400695801 
            48.4965400695801 50.3617649078369 
            50.3617649078369 52.2269859313965 
            52.2269859313965 54.0922012329102 
            54.0922012329102 55.9574089050293 
            55.9574089050293 57.8226108551025 
            57.8226108551025 59.6878032684326 
            59.6878032684326 61.5529823303223 
            61.5529823303223 63.4181499481201 
scanningMode = 64
