#
# gridID 1
#
gridtype  = lonlat
gridsize  = 6336
xsize     = 99
ysize     = 64
xname     = lon
xlongname = longitude
xunits    = degrees_east
yname     = lat
ylongname = latitude
yunits    = degrees_north
xfirst    = 78.75
xinc      = 2.5
xbounds   = 77.5 80 
            80 82.5 
            82.5 85 
            85 87.5 
            87.5 90 
            90 92.5 
            92.5 95 
            95 97.5 
            97.5 100 
            100 102.5 
            102.5 105 
            105 107.5 
            107.5 110 
            110 112.5 
            112.5 115 
            115 117.5 
            117.5 120 
            120 122.5 
            122.5 125 
            125 127.5 
            127.5 130 
            130 132.5 
            132.5 135 
            135 137.5 
            137.5 140 
            140 142.5 
            142.5 145 
            145 147.5 
            147.5 150 
            150 152.5 
            152.5 155 
            155 157.5 
            157.5 160 
            160 162.5 
            162.5 165 
            165 167.5 
            167.5 170 
            170 172.5 
            172.5 175 
            175 177.5 
            177.5 180 
            180 182.5 
            182.5 185 
            185 187.5 
            187.5 190 
            190 192.5 
            192.5 195 
            195 197.5 
            197.5 200 
            200 202.5 
            202.5 205 
            205 207.5 
            207.5 210 
            210 212.5 
            212.5 215 
            215 217.5 
            217.5 220 
            220 222.5 
            222.5 225 
            225 227.5 
            227.5 230 
            230 232.5 
            232.5 235 
            235 237.5 
            237.5 240 
            240 242.5 
            242.5 245 
            245 247.5 
            247.5 250 
            250 252.5 
            252.5 255 
            255 257.5 
            257.5 260 
            260 262.5 
            262.5 265 
            265 267.5 
            267.5 270 
            270 272.5 
            272.5 275 
            275 277.5 
            277.5 280 
            280 282.5 
            282.5 285 
            285 287.5 
            287.5 290 
            290 292.5 
            292.5 295 
            295 297.5 
            297.5 300 
            300 302.5 
            302.5 305 
            305 307.5 
            307.5 310 
            310 312.5 
            312.5 315 
            315 317.5 
            317.5 320 
            320 322.5 
            322.5 325 
yfirst    = -63.7078651685393
yinc      = 2.02247191011236
ybounds   = -64.7191011235955 -62.6966292134832 
            -62.6966292134832 -60.6741573033708 
            -60.6741573033708 -58.6516853932584 
            -58.6516853932584 -56.6292134831461 
            -56.6292134831461 -54.6067415730337 
            -54.6067415730337 -52.5842696629214 
            -52.5842696629214 -50.561797752809 
            -50.561797752809 -48.5393258426966 
            -48.5393258426966 -46.5168539325843 
            -46.5168539325843 -44.4943820224719 
            -44.4943820224719 -42.4719101123596 
            -42.4719101123596 -40.4494382022472 
            -40.4494382022472 -38.4269662921348 
            -38.4269662921348 -36.4044943820225 
            -36.4044943820225 -34.3820224719101 
            -34.3820224719101 -32.3595505617978 
            -32.3595505617978 -30.3370786516854 
            -30.3370786516854 -28.314606741573 
            -28.314606741573 -26.2921348314607 
            -26.2921348314607 -24.2696629213483 
            -24.2696629213483 -22.247191011236 
            -22.247191011236 -20.2247191011236 
            -20.2247191011236 -18.2022471910112 
            -18.2022471910112 -16.1797752808989 
            -16.1797752808989 -14.1573033707865 
            -14.1573033707865 -12.1348314606742 
            -12.1348314606742 -10.1123595505618 
            -10.1123595505618 -8.08988764044943 
            -8.08988764044943 -6.06741573033707 
            -6.06741573033707 -4.04494382022472 
            -4.04494382022472 -2.02247191011236 
            -2.02247191011236 0 
            0 2.02247191011236 
            2.02247191011236 4.04494382022472 
            4.04494382022472 6.06741573033707 
            6.06741573033707 8.08988764044943 
            8.08988764044943 10.1123595505618 
            10.1123595505618 12.1348314606742 
            12.1348314606742 14.1573033707865 
            14.1573033707865 16.1797752808989 
            16.1797752808989 18.2022471910112 
            18.2022471910112 20.2247191011236 
            20.2247191011236 22.247191011236 
            22.247191011236 24.2696629213483 
            24.2696629213483 26.2921348314607 
            26.2921348314607 28.314606741573 
            28.314606741573 30.3370786516854 
            30.3370786516854 32.3595505617977 
            32.3595505617977 34.3820224719101 
            34.3820224719101 36.4044943820225 
            36.4044943820225 38.4269662921348 
            38.4269662921348 40.4494382022472 
            40.4494382022472 42.4719101123596 
            42.4719101123596 44.4943820224719 
            44.4943820224719 46.5168539325843 
            46.5168539325843 48.5393258426966 
            48.5393258426966 50.561797752809 
            50.561797752809 52.5842696629213 
            52.5842696629213 54.6067415730337 
            54.6067415730337 56.6292134831461 
            56.6292134831461 58.6516853932584 
            58.6516853932584 60.6741573033708 
            60.6741573033708 62.6966292134831 
            62.6966292134831 64.7191011235955 
scanningMode = 64
