#
# gridID 1
#
gridtype  = lonlat
gridsize  = 9603
xsize     = 99
ysize     = 97
xname     = lon
xlongname = longitude
xunits    = degrees_east
yname     = lat
ylongname = latitude
yunits    = degrees_north
xfirst    = 77.5
xinc      = 2.5
xbounds   = 76.25 78.75 
            78.75 81.25 
            81.25 83.75 
            83.75 86.25 
            86.25 88.75 
            88.75 91.25 
            91.25 93.75 
            93.75 96.25 
            96.25 98.75 
            98.75 101.25 
            101.25 103.75 
            103.75 106.25 
            106.25 108.75 
            108.75 111.25 
            111.25 113.75 
            113.75 116.25 
            116.25 118.75 
            118.75 121.25 
            121.25 123.75 
            123.75 126.25 
            126.25 128.75 
            128.75 131.25 
            131.25 133.75 
            133.75 136.25 
            136.25 138.75 
            138.75 141.25 
            141.25 143.75 
            143.75 146.25 
            146.25 148.75 
            148.75 151.25 
            151.25 153.75 
            153.75 156.25 
            156.25 158.75 
            158.75 161.25 
            161.25 163.75 
            163.75 166.25 
            166.25 168.75 
            168.75 171.25 
            171.25 173.75 
            173.75 176.25 
            176.25 178.75 
            178.75 181.25 
            181.25 183.75 
            183.75 186.25 
            186.25 188.75 
            188.75 191.25 
            191.25 193.75 
            193.75 196.25 
            196.25 198.75 
            198.75 201.25 
            201.25 203.75 
            203.75 206.25 
            206.25 208.75 
            208.75 211.25 
            211.25 213.75 
            213.75 216.25 
            216.25 218.75 
            218.75 221.25 
            221.25 223.75 
            223.75 226.25 
            226.25 228.75 
            228.75 231.25 
            231.25 233.75 
            233.75 236.25 
            236.25 238.75 
            238.75 241.25 
            241.25 243.75 
            243.75 246.25 
            246.25 248.75 
            248.75 251.25 
            251.25 253.75 
            253.75 256.25 
            256.25 258.75 
            258.75 261.25 
            261.25 263.75 
            263.75 266.25 
            266.25 268.75 
            268.75 271.25 
            271.25 273.75 
            273.75 276.25 
            276.25 278.75 
            278.75 281.25 
            281.25 283.75 
            283.75 286.25 
            286.25 288.75 
            288.75 291.25 
            291.25 293.75 
            293.75 296.25 
            296.25 298.75 
            298.75 301.25 
            301.25 303.75 
            303.75 306.25 
            306.25 308.75 
            308.75 311.25 
            311.25 313.75 
            313.75 316.25 
            316.25 318.75 
            318.75 321.25 
            321.25 323.75 
yfirst    = -60.8450698852539
yinc      = 1.26760562260946
ybounds   = -61.478874206543 -60.2112655639648 
            -60.2112655639648 -58.9436645507812 
            -58.9436645507812 -57.6760559082031 
            -57.6760559082031 -56.4084510803223 
            -56.4084510803223 -55.1408462524414 
            -55.1408462524414 -53.8732376098633 
            -53.8732376098633 -52.6056365966797 
            -52.6056365966797 -51.3380279541016 
            -51.3380279541016 -50.0704193115234 
            -50.0704193115234 -48.8028182983398 
            -48.8028182983398 -47.5352096557617 
            -47.5352096557617 -46.2676086425781 
            -46.2676086425781 -45 
            -45 -43.7323913574219 
            -43.7323913574219 -42.4647903442383 
            -42.4647903442383 -41.1971817016602 
            -41.1971817016602 -39.9295806884766 
            -39.9295806884766 -38.6619720458984 
            -38.6619720458984 -37.3943634033203 
            -37.3943634033203 -36.1267623901367 
            -36.1267623901367 -34.8591537475586 
            -34.8591537475586 -33.5915489196777 
            -33.5915489196777 -32.3239440917969 
            -32.3239440917969 -31.056339263916 
            -31.056339263916 -29.7887325286865 
            -29.7887325286865 -28.521125793457 
            -28.521125793457 -27.2535209655762 
            -27.2535209655762 -25.9859161376953 
            -25.9859161376953 -24.7183094024658 
            -24.7183094024658 -23.450704574585 
            -23.450704574585 -22.1830978393555 
            -22.1830978393555 -20.9154930114746 
            -20.9154930114746 -19.6478881835938 
            -19.6478881835938 -18.3802814483643 
            -18.3802814483643 -17.1126747131348 
            -17.1126747131348 -15.8450698852539 
            -15.8450698852539 -14.577465057373 
            -14.577465057373 -13.3098583221436 
            -13.3098583221436 -12.0422534942627 
            -12.0422534942627 -10.7746486663818 
            -10.7746486663818 -9.50704193115234 
            -9.50704193115234 -8.23943710327148 
            -8.23943710327148 -6.97183084487915 
            -6.97183084487915 -5.70422554016113 
            -5.70422554016113 -4.43661975860596 
            -4.43661975860596 -3.16901397705078 
            -3.16901397705078 -1.90140843391418 
            -1.90140843391418 -0.633802831172943 
            -0.633802831172943 0.633802831172943 
            0.633802831172943 1.90140843391418 
            1.90140843391418 3.16901397705078 
            3.16901397705078 4.43661975860596 
            4.43661975860596 5.70422554016113 
            5.70422554016113 6.97183084487915 
            6.97183084487915 8.23943710327148 
            8.23943710327148 9.50704193115234 
            9.50704193115234 10.7746486663818 
            10.7746486663818 12.0422534942627 
            12.0422534942627 13.3098583221436 
            13.3098583221436 14.577465057373 
            14.577465057373 15.8450698852539 
            15.8450698852539 17.1126747131348 
            17.1126747131348 18.3802814483643 
            18.3802814483643 19.6478881835938 
            19.6478881835938 20.9154930114746 
            20.9154930114746 22.1830978393555 
            22.1830978393555 23.450704574585 
            23.450704574585 24.7183094024658 
            24.7183094024658 25.9859161376953 
            25.9859161376953 27.2535209655762 
            27.2535209655762 28.521125793457 
            28.521125793457 29.7887325286865 
            29.7887325286865 31.056339263916 
            31.056339263916 32.3239440917969 
            32.3239440917969 33.5915489196777 
            33.5915489196777 34.8591537475586 
            34.8591537475586 36.1267623901367 
            36.1267623901367 37.3943634033203 
            37.3943634033203 38.6619720458984 
            38.6619720458984 39.9295806884766 
            39.9295806884766 41.1971817016602 
            41.1971817016602 42.4647903442383 
            42.4647903442383 43.7323913574219 
            43.7323913574219 45 
            45 46.2676086425781 
            46.2676086425781 47.5352096557617 
            47.5352096557617 48.8028182983398 
            48.8028182983398 50.0704193115234 
            50.0704193115234 51.3380279541016 
            51.3380279541016 52.6056365966797 
            52.6056365966797 53.8732376098633 
            53.8732376098633 55.1408462524414 
            55.1408462524414 56.4084510803223 
            56.4084510803223 57.6760559082031 
            57.6760559082031 58.9436645507812 
            58.9436645507812 60.2112655639648 
            60.2112655639648 61.478874206543 
scanningMode = 64
