#
# gridID 1
#
gridtype  = lonlat
gridsize  = 3872
xsize     = 88
ysize     = 44
xname     = lon
xlongname = longitude
xunits    = degrees_east
yname     = lat
ylongname = latitude
yunits    = degrees_north
xfirst    = 78.75
xinc      = 2.8125
xbounds   = 77.34375 80.15625 
            80.15625 82.96875 
            82.96875 85.78125 
            85.78125 88.59375 
            88.59375 91.40625 
            91.40625 94.21875 
            94.21875 97.03125 
            97.03125 99.84375 
            99.84375 102.65625 
            102.65625 105.46875 
            105.46875 108.28125 
            108.28125 111.09375 
            111.09375 113.90625 
            113.90625 116.71875 
            116.71875 119.53125 
            119.53125 122.34375 
            122.34375 125.15625 
            125.15625 127.96875 
            127.96875 130.78125 
            130.78125 133.59375 
            133.59375 136.40625 
            136.40625 139.21875 
            139.21875 142.03125 
            142.03125 144.84375 
            144.84375 147.65625 
            147.65625 150.46875 
            150.46875 153.28125 
            153.28125 156.09375 
            156.09375 158.90625 
            158.90625 161.71875 
            161.71875 164.53125 
            164.53125 167.34375 
            167.34375 170.15625 
            170.15625 172.96875 
            172.96875 175.78125 
            175.78125 178.59375 
            178.59375 181.40625 
            181.40625 184.21875 
            184.21875 187.03125 
            187.03125 189.84375 
            189.84375 192.65625 
            192.65625 195.46875 
            195.46875 198.28125 
            198.28125 201.09375 
            201.09375 203.90625 
            203.90625 206.71875 
            206.71875 209.53125 
            209.53125 212.34375 
            212.34375 215.15625 
            215.15625 217.96875 
            217.96875 220.78125 
            220.78125 223.59375 
            223.59375 226.40625 
            226.40625 229.21875 
            229.21875 232.03125 
            232.03125 234.84375 
            234.84375 237.65625 
            237.65625 240.46875 
            240.46875 243.28125 
            243.28125 246.09375 
            246.09375 248.90625 
            248.90625 251.71875 
            251.71875 254.53125 
            254.53125 257.34375 
            257.34375 260.15625 
            260.15625 262.96875 
            262.96875 265.78125 
            265.78125 268.59375 
            268.59375 271.40625 
            271.40625 274.21875 
            274.21875 277.03125 
            277.03125 279.84375 
            279.84375 282.65625 
            282.65625 285.46875 
            285.46875 288.28125 
            288.28125 291.09375 
            291.09375 293.90625 
            293.90625 296.71875 
            296.71875 299.53125 
            299.53125 302.34375 
            302.34375 305.15625 
            305.15625 307.96875 
            307.96875 310.78125 
            310.78125 313.59375 
            313.59375 316.40625 
            316.40625 319.21875 
            319.21875 322.03125 
            322.03125 324.84375 
yfirst    = -59.9970201084913
yinc      = 2.79055907481355
ybounds   = -61.4025809410496 -58.6111129613273 
            -58.6111129613273 -55.8197590434745 
            -55.8197590434745 -53.0284930827474 
            -53.0284930827474 -50.2372962830586 
            -50.2372962830586 -47.4461547557532 
            -47.4461547557532 -44.6550580058779 
            -44.6550580058779 -41.8639979452834 
            -41.8639979452834 -39.0729682302045 
            -39.0729682302045 -36.2819638051622 
            -36.2819638051622 -33.4909805817479 
            -33.4909805817479 -30.7000152077679 
            -30.7000152077679 -27.9090648982356 
            -27.9090648982356 -25.1181273095066 
            -25.1181273095066 -22.3272004440138 
            -22.3272004440138 -19.5362825770203 
            -19.5362825770203 -16.7453721994049 
            -16.7453721994049 -13.9544679722318 
            -13.9544679722318 -11.1635686900316 
            -11.1635686900316 -8.37267325052751 
            -8.37267325052751 -5.58178062910233 
            -5.58178062910233 -2.79088985668432 
            -2.79088985668432 0 
            0 2.79088985668432 
            2.79088985668432 5.58178062910233 
            5.58178062910233 8.37267325052751 
            8.37267325052751 11.1635686900316 
            11.1635686900316 13.9544679722318 
            13.9544679722318 16.7453721994049 
            16.7453721994049 19.5362825770203 
            19.5362825770203 22.3272004440138 
            22.3272004440138 25.1181273095066 
            25.1181273095066 27.9090648982356 
            27.9090648982356 30.7000152077679 
            30.7000152077679 33.4909805817479 
            33.4909805817479 36.2819638051622 
            36.2819638051622 39.0729682302045 
            39.0729682302045 41.8639979452834 
            41.8639979452834 44.6550580058779 
            44.6550580058779 47.4461547557532 
            47.4461547557532 50.2372962830586 
            50.2372962830586 53.0284930827474 
            53.0284930827474 55.8197590434745 
            55.8197590434745 58.6111129613273 
            58.6111129613273 61.4025809410496 
scanningMode = 64
