#
# gridID 1
#
gridtype  = lonlat
gridsize  = 6534
xsize     = 99
ysize     = 66
xname     = lon
xlongname = longitude
xunits    = degrees_east
yname     = lat
ylongname = latitude
yunits    = degrees_north
xfirst    = 77.5
xinc      = 2.5
xbounds   = 76.25 78.75 
            78.75 81.25 
            81.25 83.75 
            83.75 86.25 
            86.25 88.75 
            88.75 91.25 
            91.25 93.75 
            93.75 96.25 
            96.25 98.75 
            98.75 101.25 
            101.25 103.75 
            103.75 106.25 
            106.25 108.75 
            108.75 111.25 
            111.25 113.75 
            113.75 116.25 
            116.25 118.75 
            118.75 121.25 
            121.25 123.75 
            123.75 126.25 
            126.25 128.75 
            128.75 131.25 
            131.25 133.75 
            133.75 136.25 
            136.25 138.75 
            138.75 141.25 
            141.25 143.75 
            143.75 146.25 
            146.25 148.75 
            148.75 151.25 
            151.25 153.75 
            153.75 156.25 
            156.25 158.75 
            158.75 161.25 
            161.25 163.75 
            163.75 166.25 
            166.25 168.75 
            168.75 171.25 
            171.25 173.75 
            173.75 176.25 
            176.25 178.75 
            178.75 181.25 
            181.25 183.75 
            183.75 186.25 
            186.25 188.75 
            188.75 191.25 
            191.25 193.75 
            193.75 196.25 
            196.25 198.75 
            198.75 201.25 
            201.25 203.75 
            203.75 206.25 
            206.25 208.75 
            208.75 211.25 
            211.25 213.75 
            213.75 216.25 
            216.25 218.75 
            218.75 221.25 
            221.25 223.75 
            223.75 226.25 
            226.25 228.75 
            228.75 231.25 
            231.25 233.75 
            233.75 236.25 
            236.25 238.75 
            238.75 241.25 
            241.25 243.75 
            243.75 246.25 
            246.25 248.75 
            248.75 251.25 
            251.25 253.75 
            253.75 256.25 
            256.25 258.75 
            258.75 261.25 
            261.25 263.75 
            263.75 266.25 
            266.25 268.75 
            268.75 271.25 
            271.25 273.75 
            273.75 276.25 
            276.25 278.75 
            278.75 281.25 
            281.25 283.75 
            283.75 286.25 
            286.25 288.75 
            288.75 291.25 
            291.25 293.75 
            293.75 296.25 
            296.25 298.75 
            298.75 301.25 
            301.25 303.75 
            303.75 306.25 
            306.25 308.75 
            308.75 311.25 
            311.25 313.75 
            313.75 316.25 
            316.25 318.75 
            318.75 321.25 
            321.25 323.75 
yfirst    = -61.5789473684211
yinc      = 1.89473684210526
ybounds   = -62.5263157894737 -60.6315789473684 
            -60.6315789473684 -58.7368421052632 
            -58.7368421052632 -56.8421052631579 
            -56.8421052631579 -54.9473684210526 
            -54.9473684210526 -53.0526315789474 
            -53.0526315789474 -51.1578947368421 
            -51.1578947368421 -49.2631578947368 
            -49.2631578947368 -47.3684210526316 
            -47.3684210526316 -45.4736842105263 
            -45.4736842105263 -43.5789473684211 
            -43.5789473684211 -41.6842105263158 
            -41.6842105263158 -39.7894736842105 
            -39.7894736842105 -37.8947368421053 
            -37.8947368421053 -36 
            -36 -34.1052631578947 
            -34.1052631578947 -32.2105263157895 
            -32.2105263157895 -30.3157894736842 
            -30.3157894736842 -28.421052631579 
            -28.421052631579 -26.5263157894737 
            -26.5263157894737 -24.6315789473684 
            -24.6315789473684 -22.7368421052632 
            -22.7368421052632 -20.8421052631579 
            -20.8421052631579 -18.9473684210526 
            -18.9473684210526 -17.0526315789474 
            -17.0526315789474 -15.1578947368421 
            -15.1578947368421 -13.2631578947368 
            -13.2631578947368 -11.3684210526316 
            -11.3684210526316 -9.47368421052632 
            -9.47368421052632 -7.57894736842105 
            -7.57894736842105 -5.68421052631579 
            -5.68421052631579 -3.78947368421053 
            -3.78947368421053 -1.89473684210527 
            -1.89473684210527 0 
            0 1.89473684210526 
            1.89473684210526 3.78947368421052 
            3.78947368421052 5.68421052631578 
            5.68421052631578 7.57894736842105 
            7.57894736842105 9.47368421052632 
            9.47368421052632 11.3684210526316 
            11.3684210526316 13.2631578947368 
            13.2631578947368 15.1578947368421 
            15.1578947368421 17.0526315789474 
            17.0526315789474 18.9473684210526 
            18.9473684210526 20.8421052631579 
            20.8421052631579 22.7368421052632 
            22.7368421052632 24.6315789473684 
            24.6315789473684 26.5263157894737 
            26.5263157894737 28.4210526315789 
            28.4210526315789 30.3157894736842 
            30.3157894736842 32.2105263157895 
            32.2105263157895 34.1052631578947 
            34.1052631578947 36 
            36 37.8947368421053 
            37.8947368421053 39.7894736842105 
            39.7894736842105 41.6842105263158 
            41.6842105263158 43.578947368421 
            43.578947368421 45.4736842105263 
            45.4736842105263 47.3684210526316 
            47.3684210526316 49.2631578947368 
            49.2631578947368 51.1578947368421 
            51.1578947368421 53.0526315789474 
            53.0526315789474 54.9473684210526 
            54.9473684210526 56.8421052631579 
            56.8421052631579 58.7368421052631 
            58.7368421052631 60.6315789473684 
            60.6315789473684 62.5263157894737 
scanningMode = 64
